0.12083
-0.3
0.9
-0.841661
-0.0924
0.05395
-0.369309
0.315358
-0.12083
-0.270482
2.867128
-2.354985
NEW GAIT: monty python speedup


0.12083
-0.4
0.6
-0.441661
-0.082673
0.012015
-0.128173
0.116157
-0.12083
-0.330222
3.246877
-2.674993

q1 0.120830
q2 -0.082673
q3 -0.120830
anglepsi 1.295907
alpha 1.300000
NEW GAIT

0.10472
-0.1
0
-0.10944
0
0
-0.082673
-0.333142
1.103267
-0.770125
0
0
-0.10472
-0.0329909999999997
5.043093
-4.800662
0
0
NEW GAIT

0.10472
-0.359684287517927
0.560466517032822
-0.206823691793992
-0.0824604909187485
-0.12093804680217
-0.082673
-0.0836134704677278
0.0683478201620168
-0.0319353604764671
-0.0160063239019553
0.0632073346841678
-0.10472
-0.397346426246006
0.255188151846891
-0.936352087300495
0.496881706166032
0.791068655536714
NEW GAIT

0.10472
-0.34128834219306
0.484190205290197
-0.319391813795079
-0.156125981313566
0.123175932011508
-0.082673
0.178983678730961
-0.330105147741737
-0.0668833198313647
0.042347749176252
0.175657039665889
-0.10472
-0.401114828093756
0.232747396230234
-1.13074689747248
0.0250409954749752
1.48351333386103
NEW GAIT

0.10472
-0.194172368140591
0.0243855945422163
-0.0602552126093393
0.0220834724310261
-0.00148148622331234
-0.082673
-0.119550100986423
0.241553111745584
-0.206963759840257
0.0284624257435003
0.0564983233375956
-0.10472
-0.192250062758746
2.08871151351079
-1.84350059737608
0.0751601533490736
0.0813189932749573
NEW GAIT

0.10472
-0.165378996603857
0.0178514047502301
-0.0758035129143129
0.0156961908486634
-0.00180508608072386
-0.082673
-0.0994812661096089
0.647606783194107
-0.808718759838822
0.0204008658532709
0.240192376901054
-0.10472
-0.158926419687986
2.1566283119624
-1.88253048575916
0.0446467497157677
0.049621843768983
NEW GAIT

0.10472
-0.141487764174877
0.220291504749774
-0.217730676982711
-0.0261674020666073
-0.0443456615256086
-0.082673
-0.0134879729213412
0.362533152062559
-0.786601869810141
0.162408512980782
0.275148177688141
-0.10472
-0.141231298490375
0.992534612513784
-1.05074396965131
1.36291542025763
-0.95403476462976
NEW GAIT

0.10472
-0.21212588398059
0.71160307769709
-0.408963015902209
-0.128923146721156
-0.171031031093128
-0.082673
-0.037382328921546
0.0494199511403495
-0.709727750625185
0.24314198769759
0.454548140708791
-0.10472
-0.211339985335445
1.93828401754244
-1.2257292690801
0.0311578282227757
-0.322932591349677
NEW GAIT

0.10472
-0.0997345803107761
-0.00786716819045468
-0.10847499999099
0.00296892001137473
0.00366782848084585
-0.082673
-0.0205805036348963
0.500012285087725
-0.68362188182991
0.00337165565952133
0.20081844471756
-0.10472
-0.0935782573432562
1.24813429651702
-0.947410434056013
-0.00482838576560895
0.00712278064785331
NEW GAIT

0.10472
-0.3
0
0.09056
0
0
-0.082673
-0.061604
0.527212
-0.665608
0
0.2
-0.10472
-0.28198
1.220599
-0.729179
0
0
NEW GAIT

0.10472
-0.0364785056150067
-0.22364533874443
-0.206395573179449
0.112367514977042
0.144711902561848
-0.082673
-0.144778884901267
0.677708286027275
-0.921799906776998
0.581489356069215
-0.192618850418195
-0.10472
-0.031152050159883
1.33739669313079
-1.60630511908335
0.163958928136727
0.345541547975715
NEW GAIT

0.10472
-0.0364785056150067
-0.22364533874443
-0.206395573179449
0.112367514977042
0.144711902561848
-0.082673
-0.144778884901267
0.677708286027275
-0.921799906776998
0.581489356069215
-0.192618850418195
-0.10472
-0.031152050159883
1.33739669313079
-1.60630511908335
0.163958928136727
0.345541547975715
NEW GAIT

0.10472
-0.319672229882149
0.313171321881746
-0.0665708913225702
-0.0367530865531416
-0.0996151141238892
-0.082673
0.101200384430933
0.435753820980132
-0.905888735395892
0.0949360972701572
0.273998432714575
-0.10472
-0.303993021831686
2.6737165294351
-2.49558430629725
0.118878308657927
0.216422490035675
NEW GAIT

0.10472
-0.315881291442067
0.326571767329102
-0.0725880973837763
-0.0415780724950448
-0.105964306008225
-0.082673
0.0941678108484124
0.428252883976222
-0.914257757339568
0.103601672706873
0.288235389808057
-0.10472
-0.292968146901464
2.86858548499001
-2.50164988550984
0.0233247885881073
0.112147758833098
NEW GAIT

0.10472
-0.327751655535317
0.274672723165259
-0.0600148827533763
-0.021128062292205
-0.0752181225843582
-0.082673
0.094937209764727
0.446199947101127
-0.89189558467023
0.0896887937377423
0.261069634066635
-0.10472
-0.314819095466596
2.52092795160437
-2.52066909965612
0.211055005179582
0.312945238338777
NEW GAIT

0.10472
-0.32330887136339
0.296039645317087
-0.0634721267593434
-0.0298333332351615
-0.0888653139591939
-0.082673
0.0994589795466735
0.440391567625261
-0.899568200456875
0.0922080229133525
0.267509630371582
-0.10472
-0.309319910195557
2.59413710172164
-2.50489661151874
0.164660727590776
0.264858692401991
NEW GAIT

0.10472
-0.126539914466679
0.33086872331509
0.011608751203981
-0.0665026006134046
-0.358874959438964
-0.082673
-0.147834201110561
-0.181738923940845
0.0023828861308286
0.624642273777709
-0.297452034857723
-0.10472
-0.110174091279774
2.59493505746549
-2.53640030840159
0.0944055772740852
0.166673764941279
NEW GAIT

0.10472
-0.32330887136339
0.296039645317087
-0.0634721267593434
-0.0298333332351615
-0.0888653139591939
-0.082673
0.0994589795466735
0.440391567625261
-0.899568200456875
0.0922080229133525
0.267509630371582
-0.10472
-0.309319910195557
2.59413710172164
-2.50489661151874
0.164660727590776
0.264858692401991
NEW GAIT

0.10472
-0.323283234159451
0.295211271506452
-0.0633238170302019
-0.0295355022229324
-0.0885087180938662
-0.082673
0.0993385610460068
0.440345914050616
-0.899662441979752
0.0924189836279937
0.267558983255117
-0.10472
-0.30925747103713
2.59366539421781
-2.50549921966116
0.165016012224264
0.265515284256306
NEW GAIT

0.10472
-0.336391916610165
0.233120862863389
-0.0525088893337755
-0.00448725886571015
-0.049172798053735
-0.082673
0.0850417536810401
0.459849705580733
-0.875356023659999
0.0824331632894625
0.248031401108764
-0.10472
-0.324868940059767
2.40030014506309
-2.55528344143508
0.293632859179565
0.395659377252155
NEW GAIT

0.10472
-0.315787274205584
0.326224944054511
-0.0724495894945536
-0.0414903032611645
-0.105937777093207
-0.082673
0.0942454371613857
0.428245075039306
-0.91441094502926
0.103682363220286
0.288238069608281
-0.10472
-0.292900777435771
2.86788971063611
-2.50190308162351
0.0236307185056597
0.11272342991744
NEW GAIT

0.10472
-0.315787273250092
0.326224946996777
-0.0724495893641868
-0.0414903047779186
-0.105937779604591
-0.082673
0.0942454387228839
0.428245075534057
-0.914410945643026
0.103682362181454
0.288238069204628
-0.10472
-0.292900777078447
2.8678897070089
-2.50190307891954
0.0236307187681313
0.112723430220902
NEW GAIT

0.10472
-0.299132292247059
0.314128562505561
-0.0783517850727945
-0.0426021007770424
-0.103482384408592
-0.082673
0.0789970408038498
0.43651457953104
-0.918747659669511
0.105125084167501
0.298110955167074
-0.10472
-0.267694067295354
3.04275703045944
-2.47590494952056
-0.0805034934799781
-0.00921452016414903
NEW GAIT

0.10472
-0.281807638325551
0.262689406600213
-0.0613772117062371
-0.0111766618218791
-0.11776789472344
-0.082673
0.0191686521148617
0.432388604436249
-0.828188550899421
0.084654828824302
0.291976465308003
-0.10472
-0.220051673048783
3.31321300816684
-2.44222345904275
-0.225487637620581
-0.216010238532395
NEW GAIT

0.10472
-0.230136051805805
0.199559405166426
-0.101420033382892
-0.0135000619263606
-0.0639432580464697
-0.082673
0.0255038736308916
0.421656760811125
-0.810292688153749
0.081728922958756
0.281403130739094
-0.10472
-0.165311005968785
3.31242455021939
-2.43730971447747
-0.264714664192543
-0.235649165576236
NEW GAIT

0.10472
-0.211305520922608
0.0444127099825824
-0.0477366080362604
0.00905279389820488
-0.00386337492192644
-0.082673
-0.0877537197459752
0.632248908363463
-0.775207990695071
0.0111436018756636
0.21956920020192
-0.10472
-0.186055009517422
1.87411633794712
-1.42986546781029
-0.0264301081225553
-0.0223257524968359
NEW GAIT

0.10472
-0.14
0
-0.06944
0
0
-0.082673
-0.043547
0.541706
-0.698159
0
0.2
-0.10472
-0.12492
1.719075
-1.384715
0
0
NEW GAIT

0.10472
-0.319672228921025
0.313171324778991
-0.0665708911798284
-0.0367530880626554
-0.0996151166154888
-0.082673
0.101200386133883
0.435753821393851
-0.905888736062455
0.0949360962075173
0.27399843232718
-0.10472
-0.303993021431038
2.67371652596304
-2.49558430340495
0.118878308739158
0.216422490133713
NEW GAIT

0.10472
-0.312944502738249
0.333186850088399
-0.0693626974094062
-0.0456684195654497
-0.11465123037569
-0.082673
0.0797844227135671
0.454899954729121
-0.949260804227848
0.109483589369534
0.305092837415228
-0.10472
-0.28567528832316
2.93879872465904
-2.41674248103817
-0.0515039015646332
0.024562946266976
NEW GAIT

0.10472
-0.328733561386359
0.230169658984277
-0.0568965554109385
-0.00604554800838926
-0.0479339941785892
-0.082673
0.103999589015453
0.457116851430157
-0.870326603168168
0.0748629954875201
0.234347167235037
-0.10472
-0.316725034204161
2.44782933115977
-2.61731278358821
0.297657911834231
0.397990574798346
NEW GAIT

0.10472
-0.319672228921025
0.313171324778991
-0.0665708911798284
-0.0367530880626554
-0.0996151166154888
-0.082673
0.101200386133883
0.435753821393851
-0.905888736062455
0.0949360962075173
0.27399843232718
-0.10472
-0.303993021431038
2.67371652596304
-2.49558430340495
0.118878308739158
0.216422490133713
NEW GAIT

0.10472
-0.24
0
0.03056
0
0
-0.082673
-0.103497
0.645752
-0.742255
0
0.2
-0.10472
-0.21415
1.414691
-0.991101
0
0
NEW GAIT

0.10472
-0.277793978572314
0.175504180427157
-0.0889243733140132
-0.00387935430143239
-0.0143464741917347
-0.082673
0.0742318591000458
0.424710450579768
-0.893828386912447
0.0743870704773995
0.32049900676251
-0.10472
-0.265372774469432
2.51064271895003
-2.79904974480336
0.345934693598005
0.41728510672393
NEW GAIT

0.10472
-0.384557419550777
0.3483708829606
-0.0294547189284294
-0.0321695844374024
-0.111629160043997
-0.082673
0.0781209937075448
0.402629303780877
-0.912229433328873
0.116889920688668
0.314589215151779
-0.10472
-0.353124500885044
2.78774032247231
-2.29814382063313
-0.011778058005367
0.0847460570512324
NEW GAIT

0.10472
-0.348301529966849
0.340784463379908
-0.0511003678648181
-0.0388873790098929
-0.111935186538308
-0.082673
0.0943547164218496
0.41376822367781
-0.913552812489927
0.108938973371433
0.296490899018808
-0.10472
-0.325872445734489
2.74126513823506
-2.38859654304204
0.0411160028961213
0.141527847645356
NEW GAIT

0.10472
-0.319672228921025
0.313171324778991
-0.0665708911798284
-0.0367530880626554
-0.0996151166154888
-0.082673
0.101200386133883
0.435753821393851
-0.905888736062455
0.0949360962075173
0.27399843232718
-0.10472
-0.303993021431038
2.67371652596304
-2.49558430340495
0.118878308739158
0.216422490133713
NEW GAIT

0.10472
-0.319672228921025
0.313171324778991
-0.0665708911798284
-0.0367530880626554
-0.0996151166154888
-0.082673
0.101200386133883
0.435753821393851
-0.905888736062455
0.0949360962075173
0.27399843232718
-0.10472
-0.303993021431038
2.67371652596304
-2.49558430340495
0.118878308739158
0.216422490133713
NEW GAIT

0.10472
-0.252720923867953
0.0634412664662087
-0.0616274318397813
0.0252186090942742
0.0162484801459082
-0.082673
-0.0241175051714067
0.587615631867713
-0.773154451867814
0.0115390659409459
0.198117259226285
-0.10472
-0.250293249363507
2.38211659733091
-3.08481893910171
0.569770305799146
0.592665285334232
NEW GAIT

0.10472
-0.0799130873593324
-0.00018956030067223
-0.129356782702109
4.75907275357261E-05
-2.8160365421588E-05
-0.082673
-0.0344897011872941
0.591259842265218
-0.756862640741759
4.43985471923742E-05
0.200048101116643
-0.10472
-0.0711822540827991
1.90162210128884
-1.62129632988003
0.000125947304429574
0.000170535369555967
NEW GAIT

0.10472
-0.319672228921025
0.313171324778991
-0.0665708911798284
-0.0367530880626554
-0.0996151166154888
-0.082673
0.101200386133883
0.435753821393851
-0.905888736062455
0.0949360962075173
0.27399843232718
-0.10472
-0.303993021431038
2.67371652596304
-2.49558430340495
0.118878308739158
0.216422490133713
NEW GAIT

0.10472
-0.312944502738249
0.333186850088399
-0.0693626974094062
-0.0456684195654497
-0.11465123037569
-0.082673
0.0797844227135671
0.454899954729121
-0.949260804227848
0.109483589369534
0.305092837415228
-0.10472
-0.28567528832316
2.93879872465904
-2.41674248103817
-0.0515039015646332
0.024562946266976
NEW GAIT

0.10472
-0.328733561386359
0.230169658984277
-0.0568965554109385
-0.00604554800838926
-0.0479339941785892
-0.082673
0.103999589015453
0.457116851430157
-0.870326603168168
0.0748629954875201
0.234347167235037
-0.10472
-0.316725034204161
2.44782933115977
-2.61731278358821
0.297657911834231
0.397990574798346
NEW GAIT

0.10472
-0.319672228921025
0.313171324778991
-0.0665708911798284
-0.0367530880626554
-0.0996151166154888
-0.082673
0.101200386133883
0.435753821393851
-0.905888736062455
0.0949360962075173
0.27399843232718
-0.10472
-0.303993021431038
2.67371652596304
-2.49558430340495
0.118878308739158
0.216422490133713
NEW GAIT

0.10472
-0.277793978572314
0.175504180427157
-0.0889243733140132
-0.00387935430143239
-0.0143464741917347
-0.082673
0.0742318591000458
0.424710450579768
-0.893828386912447
0.0743870704773995
0.32049900676251
-0.10472
-0.265372774469432
2.51064271895003
-2.79904974480336
0.345934693598005
0.41728510672393
NEW GAIT

0.10472
-0.384557419550777
0.3483708829606
-0.0294547189284294
-0.0321695844374024
-0.111629160043997
-0.082673
0.0781209937075448
0.402629303780877
-0.912229433328873
0.116889920688668
0.314589215151779
-0.10472
-0.353124500885044
2.78774032247231
-2.29814382063313
-0.011778058005367
0.0847460570512324
NEW GAIT

0.10472
-0.17
0
-0.03944
0
0
-0.082673
-0.07331
0.621962
-0.748652
0
0.2
-0.10472
-0.151689
1.62776
-1.266631
0
0
NEW GAIT

0.10472
-0.18
0
-0.02944
0
0
-0.082673
-0.077623
0.625361
-0.747738
0
0.2
-0.10472
-0.160612
1.597322
-1.22727
0
0
NEW GAIT

0.10472
-0.19
0
-0.01944
0
0
-0.082673
-0.081935
0.628759
-0.746824
0
0.2
-0.10472
-0.169535
1.566883
-1.187908
0
0
NEW GAIT

0.10472
-0.319672228921025
0.313171324778991
-0.0665708911798284
-0.0367530880626554
-0.0996151166154888
-0.082673
0.101200386133883
0.435753821393851
-0.905888736062455
0.0949360962075173
0.27399843232718
-0.10472
-0.303993021431038
2.67371652596304
-2.49558430340495
0.118878308739158
0.216422490133713
NEW GAIT

0.10472
-0.301312021806692
0.309773380789557
-0.0664119745675429
-0.0404334441984684
-0.111055940216848
-0.082673
0.0774583433005171
0.405199724800794
-0.850142871884663
0.146219554341284
0.221265249442241
-0.10472
-0.286878500082685
2.65467461499021
-2.52539133980771
0.13576569709023
0.231269527809662
NEW GAIT

0.10472
-0.33027085510913
0.326598697881543
-0.0608461652268778
-0.0386919809057173
-0.106229696639766
-0.082673
0.0996046369225837
0.426174778762021
-0.910153646367242
0.101137921205152
0.283236309477461
-0.10472
-0.312517335515432
2.69460018805773
-2.44911593732905
0.0882105614607979
0.188262523324704
NEW GAIT

0.10472
-0.342112714718751
0.336519513232695
-0.0545950628125678
-0.0389911901724
-0.110260545528548
-0.082673
0.0963679294155223
0.417489937113525
-0.912811864015459
0.106739368670703
0.292214628815812
-0.10472
-0.321362362260822
2.72450187261326
-2.40780493352103
0.0566730914364417
0.157432331732072
NEW GAIT

0.0924
-0.257209273492193
0.0377376783535753
-0.0111697470702075
0.0257294460273468
0.0201118961814769
-0.082673
-0.0375874416685808
0.586962806768215
-0.740150493826939
0.00188473295233867
0.188890395774975
-0.0924
-0.313505327631359
-0.157556780696404
-0.560346232638844
0.604169066256615
0.612039274709991
NEW GAIT

0.0924
-0.156616145029804
0.00434849947866641
0.0684841007583955
-0.0440624516665174
-0.0569540035407408
-0.082673
-0.272585664103042
0.669359255434423
-0.639684728203814
0.0279909269561034
0.21492020991633
-0.0924
-0.128305538081864
1.93993581006299
-1.29713986816201
-0.162145484316329
-0.167544919502789
NEW GAIT

0.0924
-0.121019415572447
-0.0159928081050075
-0.0609197774031924
0.00376644670449566
0.00936555508647118
-0.082673
-0.0557663517386294
0.585631788084586
-0.740862461842583
0.0145284830999753
0.196468542425755
-0.0924
-0.107049527287427
1.50650508143958
-1.20359603367847
-0.0118956916948317
0.000836171034699763
NEW GAIT

0.0924
-0.0859730961638002
0.0283474535546805
-0.139735720992677
-0.00585167658158679
0.018413040181767
-0.082673
-0.0691946925372072
0.534524128021691
-0.809857028956927
0.138809109773041
0.205718483699388
-0.0924
-0.0391103053946761
1.33207101906076
0.404203987452459
-0.794903074339847
-0.717461626778763
NEW GAIT

0.0924
-0.0859730961638002
0.0283474535546805
-0.139735720992677
-0.00585167658158679
0.018413040181767
-0.082673
-0.0691946925372072
0.534524128021691
-0.809857028956927
0.138809109773041
0.205718483699388
-0.0924
-0.0391103053946761
1.33207101906076
0.404203987452459
-0.794903074339847
-0.717461626778763
NEW GAIT

0.0924
-0.301540703563488
0.236141579633234
-0.0969499867842032
0.00882075863287372
-0.0312716479184452
-0.082673
-0.0345612114137726
0.472430363892649
-0.893814808556287
0.194911587320454
0.261034068756955
-0.0924
-0.334664792184288
2.04889469344476
-2.50028709798964
0.392941775774039
0.577915420955168
NEW GAIT

0.0924
-0.09
0
-0.0948
0
0
-0.082673
-0.03744
0.572716
-0.735276
0
0.2
-0.0924
-0.0815459999999999
1.621371
-1.355025
0
0
NEW GAIT

0.0924
-0.09
0
-0.0948
0
0
-0.082673
-0.03744
0.572716
-0.735276
0
0.2
-0.0924
-0.0815459999999999
1.621371
-1.355025
0
0
NEW GAIT

0.0924
-0.0101236699871609
0.0658487100049956
-0.178688866490861
-0.0281730949596247
-0.0336630785183493
-0.07854
-0.000206293960028961
0.0487126259408985
-0.0370146735490583
-0.0217982269948649
0.0103065685630537
-0.0924
-0.00970099117830796
0.932526769465055
-0.736770666637915
-0.0174861212711617
0.0162313363413826
NEW GAIT

0.0924
-0.02
0
-0.1648
0
0
-0.07854
-0.001817
0.034568
-0.032751
0
0
-0.0924
-0.019259
0.936627
-0.732568
0
0
NEW GAIT

0.0924
-0.02
0.000384980463200032
-0.164923028432383
-0.000125017408214721
-0.000136934622602804
-0.07854
-0.00185998942973958
0.0345783591705475
-0.032783864186976
0.000179519687072005
-0.000114025240903924
-0.0924
-0.0192589567456566
0.936553915174227
-0.732615762139955
0.000369770128724826
-0.000248966417340271
NEW GAIT

0.0924
0.138286569831761
0.0945073380686333
-0.237308477572529
-0.0760311066998711
-0.104254323628
-0.07854
-0.352368125780052
0.410564379805279
-0.235428427302358
0.087044883369265
0.0901872899078655
-0.0924
1.36649663942326
5.43436201276433
-5.95223217354795
-0.335761542852163
-0.328064935787474
NEW GAIT

0.0924
-0.02
0
-0.1648
0
0
-0.07854
-0.000825
0.027874
-0.027049
0
0
-0.0924
-0.019741
0.491562
-0.287021
0
0
NEW GAIT

0.0924
-0.2
0
0.0152
0
0
-0.07854
-0.008251
0.024374
-0.016123
0
0
-0.0924
-0.197418
0.918523
-0.536305
0
0
NEW GAIT

0.0924
-0.2
0
0.0152
0
0
-0.07854
-0.006974
0.022304
-0.01533
0
0
-0.0924
-0.198547
0.887539
-0.504192
0
0
NEW GAIT

0.0924
-0.2
0
0.0152
0
0
-0.07854
-0.075638
0.17787
-0.102232
0
0
-0.0924
-0.174509
1.412401
-1.053092
0
0
NEW GAIT

0.0924
-1.68951708381698
3.5206884014046
-1.44328683803944
-0.517108802475627
-0.0555756770725388
-0.07854
0.0392604574060837
-0.69410848076944
0.770778712554353
0.436002854472509
-0.551933543663642
-0.0924
-1.59117081921792
3.42153823216788
-1.94346778143966
0.789506339306441
-0.491605970816653
NEW GAIT

0.0924
-0.240289766908454
0.412139037945743
-0.364234328655363
0.0106135841308912
-0.00302852649917008
-0.07854
-0.145067852878217
0.399413424412496
-0.268440541714479
0.00583534687348662
0.00825962331035086
-0.0924
-0.182854674508809
3.66260563402512
-3.31688955331523
0.00936733397588048
0.0125712598259856
NEW GAIT

0.0924
-0.240289766908454
0.412139037945743
-0.364234328655363
0.0106135841308912
-0.00302852649917008
-0.07854
-0.145067852878217
0.399413424412496
-0.268440541714479
0.00583534687348662
0.00825962331035086
-0.0924
-0.182854674508809
3.66260563402512
-3.31688955331523
0.00936733397588048
0.0125712598259856
NEW GAIT

0.0924
-0.240289766908454
0.412139037945743
-0.364234328655363
0.0106135841308912
-0.00302852649917008
-0.07854
-0.145067852878217
0.399413424412496
-0.268440541714479
0.00583534687348662
0.00825962331035086
-0.0924
-0.182854674508809
3.66260563402512
-3.31688955331523
0.00936733397588048
0.0125712598259856
NEW GAIT

0.0924
-0.240289766908454
0.412139037945743
-0.364234328655363
0.0106135841308912
-0.00302852649917008
-0.07854
-0.145067852878217
0.399413424412496
-0.268440541714479
0.00583534687348662
0.00825962331035086
-0.0924
-0.182854674508809
3.66260563402512
-3.31688955331523
0.00936733397588048
0.0125712598259856
NEW GAIT

0.0941171112107572
-0.453437265472468
1.16029619299498
-1.93532520321325
1.79002578012114
-0.7562999090942
0.0186548592811789
0.208045787995563
-0.999245880191845
1.92297521769892
-1.95133182393623
0.819556698433602
-0.10062329345304
-0.427373107584321
2.77615712631631
-2.51123032828564
0.464214273463187
-0.107027559245731
NEW GAIT

0.0941171112107572
-0.453437265472468
1.16029619299498
-1.93532520321325
1.79002578012114
-0.7562999090942
0.0186548592811789
0.208045787995563
-0.999245880191845
1.92297521769892
-1.95133182393623
0.819556698433602
-0.10062329345304
-0.427373107584321
2.77615712631631
-2.51123032828564
0.464214273463187
-0.107027559245731
NEW GAIT

0.0858331290033738
-0.432091019356284
1.06086123832846
-1.61279183879256
1.35066502882013
-0.540423732888256
0.00749352879170903
0.198265047644488
-0.871020177753092
1.53199735554288
-1.45997446474574
0.600732239311467
-0.0879471948851333
-0.411719422268085
2.46416474208316
-2.44716785408366
0.836221302475423
-0.267718444318334
NEW GAIT

0.0858460613766252
-0.431984882881723
1.06088693771636
-1.61283341604036
1.3506042633124
-0.540478268265458
0.00749270632497795
0.198207329963089
-0.870997008824985
1.53197205386808
-1.45997636906493
0.60079399405875
-0.0879593047821508
-0.411626114892177
2.46416143909274
-2.44719048989601
0.836197447646326
-0.267736915792106
NEW GAIT

0.0858331299918498
-0.432091019336764
1.06086123836827
-1.61279183880189
1.35066502874759
-0.540423733044013
0.00749352886508366
0.19826504753847
-0.871020177764294
1.53199735554667
-1.4599744647155
0.600732239394663
-0.0879471940749541
-0.411719422253925
2.46416474208441
-2.44716785406802
0.836221302537275
-0.267718444232934
NEW GAIT

0.0867745541122178
-0.433138016624157
1.0601593322734
-1.61353008669332
1.35045008730801
-0.539578933172305
0.00701642357612206
0.194699110062039
-0.866139960345453
1.53377119775075
-1.46055216275731
0.598221815289968
-0.0888630627961613
-0.412543066582979
2.46562250904331
-2.44640134231945
0.836685201483555
-0.267725684716061
NEW GAIT

