0,0905196337967805
-0,361298005418444
0,809378348421906
-1,49252782941542
1,55461431287651
-0,695947131538248
0,00390126468887252
0,170034466766654
-0,679593615766254
1,0074250440514
-0,888812639526642
0,390946744474841
-0,0952606712769108
-0,347159346126609
1,63938399687929
-1,17450553444147
0,265731457799688
-0,197670269037205





0,0940812145871611
-0,453481655961002
1,16022784366589
-1,93530987016628
1,7900987383692
-0,756204158738963
0,0186646674445834
0,208105143828296
-0,999241087716
1,9229804031964
-1,95134922816198
0,819504768853286
-0,100587888243998
-0,427408025792764
2,77616643032981
-2,51123140965044
0,464199212226617
-0,107057104282063
NEW GAIT





0,088799787706652
-0,409709423445087
0,901358807109783
-1,36515497483354
1,09063362980802
-0,398005164139898
-0,00331344123688207
0,155155379747511
-0,712591963303892
1,22966585869459
-1,06827524282714
0,396045967688931
-0,0920773377940703
-0,398920124290876
1,86984235598574
-2,11434010936815
1,25070085634017
-0,426405853166158
NEW GAIT



0.0858331290033738
-0.432091019356284
1.06086123832846
-1.61279183879256
1.35066502882013
-0.540423732888256
0.00749352879170903
0.198265047644488
-0.871020177753092
1.53199735554288
-1.45997446474574
0.600732239311467
-0.0879471948851333
-0.411719422268085
2.46416474208316
-2.44716785408366
0.836221302475423
-0.267718444318334
0.12 torque gait
